00000000000000000000000000000000000000000000000000000000000000000000000000000000 
00000000000000000000000000000000000000000000000000000000000000000000000000000000 
00000000000000000000000000000000000000000000000000000000000000000000000000000000 
00000000000110000000000000000000011000000000000000000000000110000000000000000000 
00000000000110000000000000000000011000000000000000000000000110000000000000000000
00000000000000000000000000000000000000000000000000000000000000000000000000000000 
00000000001001000000000000000000100100000000000000000000001001000000000000000000 
00000000010110100000000000000001011010000000000000000000010110100000000000000000 
00000000001001000000000000000000100100000000000000000000001001000000000000000000 
00000000010110100000000000000001011010000000000000000000010110100000000000000000 
00000000000000000000000000000000000000000000000000000000000000000000000000000000 
00000000000000000000000000000000000000000000000000000000000000000000000000000000 
00000000000000000000000000000000000000000000000000000000000000000000000000000000 
00000000000000000000000000000000000000000000000000000000000000000000000000000000 
00000000000000000000000000000000000000000000000000000000000000000000000000000000 
00000000000000000000000000000000000000000000000000000000000000000000000000000000 
00000000000000000000000000000000000000000000000000000000000000000000000000000000 
00000000000000000000000000000000000000000000000000000000000000000000000000000000 
00000000000000000000000000000000000000000000000000000000000000000000000000000000 
00000000000000000000000000000000000000000000000000000000000000000000000000000000 
00000000000000000000000000000000000000000000000000000000000000000000000000000000 
00000000000000000000000000000000000000000000000000000000000000000000000000000000 
00000000000000000000000000000000000000000000000000000000000000000000000000000000 
00000000000000000000000000000000000000000000000000000000000000000000000000000000 
00000000000000000000000000000000000000000000000000000000000000000000000000000000