00000000000000000000000000000000000000000000000000000000000000000000000000000000 
00000000000000000000000000000000000000000000000000000000000000000000000000000000 
00000000000000001100000000000000000010000000000000010000000000000000000000000000 
00000001000000010010000000000000000010000000000000101000000000000000000000000000 
00000010100000001010000000000000000010000000000000010000000000000000000000000000 
00000010100000000100000000000011111111111100000000101000000000000000000000000000 
00000001000000000000000000000000000010000000000000010000000000000000000000000000 
00000000000000000000000000000000000010000000000000101000000000000000000000000000 
00000000000000000000000000000000000010000000000000010000000000000000000000000000 
00000001000000000111111000000000000010000000000000101000000000000000000000000000 
00000010100000000000000000000000000000000000000000010000000000000000000000000000 
00000001000000000000000000000000000000000000000000101000000000000000000000000000 
00000000000000000100000000000000000000000000000000010000000000000000000000000000 
00000000100000001011111111111000000000000000000111111000000000000000000000000000 
00000001010000000110000001001000000000000000000000101000000000000000000000000000 
00000000101000000001000000101000000000000000000001010100000000000000000000000000 
00000000010000000001000000001000000000000000000000101000000000000000000000000000 
00000000000000000011111111111000000000000000000001010100000000000000000000000000 
00000000100000000000000000000000000000000000000000101000000000000000000000000000 
00000000000000000000000000000000000000000000000001010100000000000000000000000000 
00000000000000000000000000000000000000000000000000101000000000000000000000000000 
00000111110111100000000000000000000000000000000001010100000000000000000000000000 
00000000001000000000000000000000000000000000000000000000000000000000000000000000 
00000000000000000000000000000000000000000000000000000000000000000000000000000000 
00000000000000000000000000000000000000000000000000000000000000000000000000000000